9 0.25721153846153844 0.6165865384615384 0.09375 0.10576923076923077
9 0.3485576923076923 0.7283653846153846 0.07692307692307693 0.0985576923076923
9 0.484375 0.8329326923076923 0.06009615384615385 0.07211538461538461
9 0.5877403846153846 0.8930288461538461 0.08413461538461539 0.09615384615384616
9 0.7536057692307693 0.8762019230769231 0.057692307692307696 0.07692307692307693
9 0.6538461538461539 0.8112980769230769 0.055288461538461536 0.07692307692307693
9 0.5384615384615384 0.7644230769230769 0.06490384615384616 0.08413461538461539
9 0.5625 0.6754807692307693 0.06009615384615385 0.08173076923076923
9 0.7692307692307693 0.5829326923076923 0.09375 0.1778846153846154
9 0.8665865384615384 0.3076923076923077 0.0625 0.09134615384615384
9 0.796875 0.36899038461538464 0.07451923076923077 0.10096153846153846
9 0.7512019230769231 0.3317307692307692 0.07211538461538461 0.09375
9 0.5336538461538461 0.07091346153846154 0.09375 0.11538461538461539
9 0.4495192307692308 0.3737980769230769 0.0985576923076923 0.18509615384615385
9 0.3557692307692308 0.35336538461538464 0.07932692307692307 0.10817307692307693
9 0.2764423076923077 0.39903846153846156 0.057692307692307696 0.11298076923076923
9 0.7415865384615384 0.2403846153846154 0.0673076923076923 0.09375
9 0.5588942307692307 0.3004807692307692 0.052884615384615384 0.07692307692307693