9 0.24759615384615385 0.5949519230769231 0.10096153846153846 0.11057692307692307
9 0.3293269230769231 0.7139423076923077 0.08413461538461539 0.10336538461538461
9 0.45552884615384615 0.8305288461538461 0.06490384615384616 0.07692307692307693
9 0.5528846153846154 0.8990384615384616 0.09375 0.10096153846153846
9 0.7199519230769231 0.8966346153846154 0.0625 0.08173076923076923
9 0.6262019230769231 0.8233173076923077 0.06009615384615385 0.07932692307692307
9 0.515625 0.7668269230769231 0.0673076923076923 0.08653846153846154
9 0.546875 0.6802884615384616 0.06490384615384616 0.08653846153846154
9 0.7608173076923077 0.6057692307692307 0.10817307692307693 0.18028846153846154
9 0.8822115384615384 0.3401442307692308 0.06971153846153846 0.09615384615384616
9 0.8076923076923077 0.3954326923076923 0.07932692307692307 0.10336538461538461
9 0.7644230769230769 0.3545673076923077 0.07932692307692307 0.0985576923076923
9 0.5709134615384616 0.07451923076923077 0.10096153846153846 0.1201923076923077
9 0.46153846153846156 0.3701923076923077 0.11298076923076923 0.18990384615384615
9 0.36899038461538464 0.34134615384615385 0.08653846153846154 0.11298076923076923
9 0.2860576923076923 0.3798076923076923 0.0673076923076923 0.11538461538461539
9 0.7632211538461539 0.2620192307692308 0.07451923076923077 0.09615384615384616
9 0.5757211538461539 0.30649038461538464 0.057692307692307696 0.07932692307692307