9 0.265625 0.36658653846153844 0.08653846153846154 0.10096153846153846
9 0.3641826923076923 0.2620192307692308 0.07211538461538461 0.09375
9 0.5072115384615384 0.1658653846153846 0.055288461538461536 0.06971153846153846
9 0.6141826923076923 0.1141826923076923 0.08173076923076923 0.09134615384615384
9 0.7800480769230769 0.14182692307692307 0.052884615384615384 0.07451923076923077
9 0.6754807692307693 0.20072115384615385 0.05048076923076923 0.07451923076923077
9 0.5576923076923077 0.23918269230769232 0.06009615384615385 0.07932692307692307
9 0.5745192307692307 0.3293269230769231 0.055288461538461536 0.07932692307692307
9 0.7752403846153846 0.4362980769230769 0.08413461538461539 0.17548076923076922
9 0.8521634615384616 0.7175480769230769 0.057692307692307696 0.0889423076923077
9 0.7872596153846154 0.6514423076923077 0.0673076923076923 0.09375
9 0.7379807692307693 0.6850961538461539 0.0673076923076923 0.0889423076923077
9 0.5036057692307693 0.9302884615384616 0.08653846153846154 0.11057692307692307
9 0.4411057692307692 0.6225961538461539 0.08653846153846154 0.18269230769230768
9 0.34615384615384615 0.6358173076923077 0.07211538461538461 0.10336538461538461
9 0.2692307692307692 0.5853365384615384 0.05048076923076923 0.11057692307692307
9 0.7223557692307693 0.7764423076923077 0.0625 0.0889423076923077
9 0.5444711538461539 0.703125 0.04807692307692308 0.07451923076923077