8 0.23197115384615385 0.31009615384615385 0.11538461538461539 0.13701923076923078
8 0.36177884615384615 0.23317307692307693 0.09134615384615384 0.0985576923076923
8 0.2283653846153846 0.15264423076923078 0.08653846153846154 0.11778846153846154
8 0.2920673076923077 0.4543269230769231 0.09615384615384616 0.11538461538461539
8 0.33774038461538464 0.38341346153846156 0.05048076923076923 0.04567307692307692
8 0.47836538461538464 0.23798076923076922 0.19471153846153846 0.18269230769230768
8 0.6622596153846154 0.20192307692307693 0.08653846153846154 0.1201923076923077
8 0.5721153846153846 0.056490384615384616 0.0889423076923077 0.0889423076923077
8 0.14302884615384615 0.4699519230769231 0.16105769230769232 0.13221153846153846
8 0.6586538461538461 0.5733173076923077 0.125 0.125
8 0.4326923076923077 0.5084134615384616 0.18990384615384615 0.2091346153846154
8 0.28846153846153844 0.7115384615384616 0.0985576923076923 0.10576923076923077