8 0.25841346153846156 0.2764423076923077 0.12259615384615384 0.09615384615384616
8 0.21033653846153846 0.41947115384615385 0.0889423076923077 0.07932692307692307
8 0.10336538461538461 0.30649038461538464 0.10576923076923077 0.06971153846153846
8 0.41225961538461536 0.30528846153846156 0.10576923076923077 0.07932692307692307
8 0.35216346153846156 0.36538461538461536 0.038461538461538464 0.04326923076923077
8 0.23918269230769232 0.5336538461538461 0.15625 0.17067307692307693
8 0.24158653846153846 0.7211538461538461 0.10817307692307693 0.06971153846153846
8 0.08052884615384616 0.6622596153846154 0.07692307692307693 0.07932692307692307
8 0.39663461538461536 0.15625 0.11057692307692307 0.14423076923076922
8 0.6045673076923077 0.6394230769230769 0.10817307692307693 0.10817307692307693
8 0.49399038461538464 0.4326923076923077 0.18509615384615385 0.16105769230769232
8 0.6622596153846154 0.25 0.09375 0.08413461538461539