8 0.24519230769230768 0.7079326923076923 0.10817307692307693 0.12980769230769232
8 0.3798076923076923 0.7764423076923077 0.08653846153846154 0.09615384615384616
8 0.25240384615384615 0.8653846153846154 0.07932692307692307 0.11298076923076923
8 0.2956730769230769 0.5600961538461539 0.0889423076923077 0.11298076923076923
8 0.34615384615384615 0.6274038461538461 0.04807692307692308 0.04326923076923077
8 0.4963942307692308 0.7620192307692307 0.18509615384615385 0.17307692307692307
8 0.6826923076923077 0.7860576923076923 0.07932692307692307 0.11538461538461539
8 0.6021634615384616 0.9375 0.08653846153846154 0.08413461538461539
8 0.14543269230769232 0.5540865384615384 0.15384615384615385 0.125
8 0.6526442307692307 0.41586538461538464 0.11778846153846154 0.11778846153846154
8 0.4326923076923077 0.4963942307692308 0.18028846153846154 0.19951923076923078
8 0.27403846153846156 0.30408653846153844 0.09134615384615384 0.10096153846153846