8 0.7524038461538461 0.15625 0.10576923076923077 0.10336538461538461
8 0.7608173076923077 0.2620192307692308 0.0889423076923077 0.0985576923076923
8 0.5324519230769231 0.03365384615384615 0.13701923076923078 0.0673076923076923
8 0.15144230769230768 0.171875 0.09375 0.10576923076923077
8 0.04447115384615385 0.4483173076923077 0.0889423076923077 0.13701923076923078
8 0.07932692307692307 0.6502403846153846 0.09615384615384616 0.1201923076923077
8 0.3786057692307692 0.4807692307692308 0.125 0.1346153846153846
8 0.5348557692307693 0.3858173076923077 0.11538461538461539 0.1466346153846154
8 0.6790865384615384 0.41586538461538464 0.07692307692307693 0.09375
8 0.6875 0.53125 0.08173076923076923 0.07932692307692307
8 0.7235576923076923 0.6370192307692307 0.10817307692307693 0.13942307692307693
8 0.6165865384615384 0.6274038461538461 0.12980769230769232 0.12980769230769232
8 0.6165865384615384 0.5228365384615384 0.09134615384615384 0.10336538461538461
8 0.5420673076923077 0.5144230769230769 0.08653846153846154 0.12740384615384615
8 0.4567307692307692 0.6189903846153846 0.11778846153846154 0.11057692307692307
8 0.5709134615384616 0.6995192307692307 0.0985576923076923 0.09134615384615384
8 0.5997596153846154 0.8064903846153846 0.1201923076923077 0.0985576923076923
8 0.5252403846153846 0.9110576923076923 0.07451923076923077 0.08413461538461539
8 0.45552884615384615 0.9735576923076923 0.07451923076923077 0.052884615384615384
8 0.4026442307692308 0.9338942307692307 0.0889423076923077 0.0889423076923077
8 0.40865384615384615 0.8485576923076923 0.1201923076923077 0.10336538461538461
8 0.43990384615384615 0.796875 0.07451923076923077 0.08413461538461539
8 0.4338942307692308 0.7115384615384616 0.07451923076923077 0.06490384615384616
8 0.359375 0.7584134615384616 0.11778846153846154 0.0985576923076923
8 0.38100961538461536 0.6850961538461539 0.09615384615384616 0.10576923076923077
8 0.3076923076923077 0.6274038461538461 0.12980769230769232 0.13942307692307693
8 0.2127403846153846 0.6382211538461539 0.10576923076923077 0.11538461538461539
8 0.23798076923076922 0.7463942307692307 0.0985576923076923 0.10576923076923077
8 0.13942307692307693 0.796875 0.09134615384615384 0.08173076923076923
8 0.14182692307692307 0.7163461538461539 0.11538461538461539 0.10817307692307693
8 0.25240384615384615 0.45552884615384615 0.11538461538461539 0.12740384615384615
8 0.19831730769230768 0.3918269230769231 0.0673076923076923 0.09615384615384616
8 0.3088942307692308 0.9206730769230769 0.11538461538461539 0.10576923076923077
8 0.17668269230769232 0.8810096153846154 0.1346153846153846 0.11298076923076923
8 0.24519230769230768 0.9194711538461539 0.08413461538461539 0.0673076923076923