8 0.2536057692307692 0.8485576923076923 0.10576923076923077 0.10336538461538461
8 0.24278846153846154 0.7427884615384616 0.08653846153846154 0.09615384615384616
8 0.47475961538461536 0.9651442307692307 0.13701923076923078 0.06971153846153846
8 0.8545673076923077 0.8221153846153846 0.09134615384615384 0.10576923076923077
8 0.9555288461538461 0.5408653846153846 0.0889423076923077 0.1346153846153846
8 0.9182692307692307 0.3425480769230769 0.09375 0.1201923076923077
8 0.6213942307692307 0.5168269230769231 0.12259615384615384 0.13221153846153846
8 0.4675480769230769 0.6141826923076923 0.11298076923076923 0.14423076923076922
8 0.32211538461538464 0.5877403846153846 0.07451923076923077 0.09375
8 0.3112980769230769 0.4723557692307692 0.08173076923076923 0.07932692307692307
8 0.27403846153846156 0.36658653846153844 0.10576923076923077 0.13942307692307693
8 0.38100961538461536 0.375 0.12740384615384615 0.12740384615384615
8 0.38341346153846156 0.4795673076923077 0.09134615384615384 0.10336538461538461
8 0.4579326923076923 0.48677884615384615 0.08413461538461539 0.125
8 0.5420673076923077 0.38100961538461536 0.11538461538461539 0.11057692307692307
8 0.4254807692307692 0.3016826923076923 0.0985576923076923 0.0889423076923077
8 0.3954326923076923 0.19471153846153846 0.1201923076923077 0.0985576923076923
8 0.4675480769230769 0.0889423076923077 0.07211538461538461 0.08413461538461539
8 0.5348557692307693 0.025240384615384616 0.07451923076923077 0.05048076923076923
8 0.5901442307692307 0.06490384615384616 0.0889423076923077 0.08653846153846154
8 0.5853365384615384 0.14903846153846154 0.11778846153846154 0.10096153846153846
8 0.5552884615384616 0.20192307692307693 0.07451923076923077 0.08173076923076923
8 0.5625 0.28725961538461536 0.07451923076923077 0.0625
8 0.6358173076923077 0.23918269230769232 0.11778846153846154 0.09615384615384616
8 0.6165865384615384 0.3137019230769231 0.09615384615384616 0.10576923076923077
8 0.6899038461538461 0.36899038461538464 0.12980769230769232 0.13942307692307693
8 0.7848557692307693 0.35697115384615385 0.10576923076923077 0.11538461538461539
8 0.7572115384615384 0.24879807692307693 0.0985576923076923 0.10336538461538461
8 0.8557692307692307 0.1971153846153846 0.09134615384615384 0.08173076923076923
8 0.8533653846153846 0.2776442307692308 0.11538461538461539 0.10576923076923077
8 0.7487980769230769 0.5396634615384616 0.11538461538461539 0.125
8 0.8028846153846154 0.6033653846153846 0.06490384615384616 0.09615384615384616
8 0.6838942307692307 0.07692307692307693 0.11538461538461539 0.10576923076923077
8 0.8173076923076923 0.11298076923076923 0.1346153846153846 0.11057692307692307
8 0.7475961538461539 0.07572115384615384 0.08173076923076923 0.06490384615384616