8 0.07932692307692307 0.43149038461538464 0.09615384615384616 0.0985576923076923
8 0.16947115384615385 0.375 0.09134615384615384 0.07932692307692307
8 0.05889423076923077 0.6887019230769231 0.08653846153846154 0.1346153846153846
8 0.36658653846153844 0.9579326923076923 0.0985576923076923 0.08413461538461539
8 0.6658653846153846 0.9387019230769231 0.12980769230769232 0.0985576923076923
8 0.8245192307692307 0.8064903846153846 0.11538461538461539 0.08413461538461539
8 0.5372596153846154 0.6165865384615384 0.125 0.11298076923076923
8 0.38341346153846156 0.5204326923076923 0.13942307692307693 0.10336538461538461
8 0.34375 0.3786057692307692 0.0889423076923077 0.06971153846153846
8 0.4423076923076923 0.31850961538461536 0.07211538461538461 0.07692307692307693
8 0.5216346153846154 0.23918269230769232 0.1346153846153846 0.09375
8 0.5600961538461539 0.33774038461538464 0.1201923076923077 0.1201923076923077
8 0.4675480769230769 0.3858173076923077 0.09615384615384616 0.08413461538461539
8 0.49399038461538464 0.45552884615384615 0.12259615384615384 0.07451923076923077
8 0.625 0.4855769230769231 0.10096153846153846 0.11057692307692307
8 0.6466346153846154 0.34615384615384615 0.08173076923076923 0.09375
8 0.7283653846153846 0.27163461538461536 0.0889423076923077 0.11538461538461539
8 0.8545673076923077 0.29086538461538464 0.08173076923076923 0.0673076923076923
8 0.9471153846153846 0.32211538461538464 0.057692307692307696 0.06971153846153846
8 0.9314903846153846 0.3894230769230769 0.08173076923076923 0.08413461538461539
8 0.8521634615384616 0.4230769230769231 0.09375 0.11298076923076923
8 0.7920673076923077 0.41947115384615385 0.07932692307692307 0.07211538461538461
8 0.7175480769230769 0.46274038461538464 0.057692307692307696 0.06971153846153846
8 0.7944711538461539 0.5084134615384616 0.0889423076923077 0.11298076923076923
8 0.71875 0.5228365384615384 0.10096153846153846 0.0889423076923077
8 0.7007211538461539 0.6129807692307693 0.13221153846153846 0.1201923076923077
8 0.7536057692307693 0.6935096153846154 0.10817307692307693 0.09615384615384616
8 0.8389423076923077 0.6213942307692307 0.0985576923076923 0.09134615384615384
8 0.9278846153846154 0.6862980769230769 0.07451923076923077 0.08653846153846154
8 0.8545673076923077 0.7211538461538461 0.09615384615384616 0.10817307692307693
8 0.5733173076923077 0.7403846153846154 0.1201923076923077 0.10576923076923077
8 0.5396634615384616 0.8173076923076923 0.09375 0.057692307692307696
8 0.9567307692307693 0.4795673076923077 0.08653846153846154 0.10817307692307693
8 0.9675480769230769 0.6141826923076923 0.06490384615384616 0.12740384615384615
8 0.9795673076923077 0.5372596153846154 0.040865384615384616 0.07932692307692307